2 10
3 23
4 13
5 11
5 25
6 8
6 22
7 13
8 10
9 14
9 28
10 26
11 23
12 14
12 28
1 11
1 25
2 8
2 22
3 14
3 28
4 11
4 25
5 23
6 13
7 11
7 25
8 8
8 22
9 26
10 10
11 14
11 28
12 26
1 23
2 13
3 13
4 10
5 8
5 22
6 26
7 10
8 14
8 28
9 11
9 25
10 23
11 13
12 11
12 25
1 8
1 22
2 26
3 26
4 23
5 14
5 28
6 11
6 25
7 23
8 13
9 10
10 8
10 22
11 26
12 10
1 14
1 28
2 11
2 25
3 11
3 25
4 8
4 22
5 13
6 10
7 8
7 22
8 26
9 23
10 14
10 28
11 11
11 25
12 23
1 13
2 10
3 23
4 13
5 11
5 25
6 8
6 22
7 13
8 10
9 14
9 28
10 26
11 23
12 14
12 28
1 11
1 25
2 8
2 22
3 8
3 22
4 26
5 10
6 14
6 28
7 26
8 23
9 13
10 11
10 25
11 8
11 22
12 13
1 10
2 14
2 28
3 14
3 28
4 11
4 25
5 23
6 13
7 11
7 25
8 8
8 22
9 26
10 10
11 14
11 28
12 26
1 23
2 13
3 13
4 10
5 8
5 22
6 26
7 10
8 14
8 28
9 11
9 25
10 23
11 13
12 11
12 25
1 8
1 22
2 26
3 11
3 25
4 8
4 22
5 13
6 10
7 8
7 22
8 26
9 23
10 14
10 28
11 11
11 25
12 23
1 13
2 10
3 10
4 14
4 28
5 26
6 23
7 14
7 28
8 11
8 25
9 8
9 22
10 13
11 10
12 8
12 22
1 26
2 23
3 23
4 13
5 11
5 25
6 8
6 22
7 13
8 10
9 14
9 28
10 26
11 23
12 14
12 28
1 11
1 25
2 8
2 22
3 8
3 22
4 26
5 10
6 14
6 28
7 26
8 23
9 13
10 11
10 25
11 8
11 22
12 13
1 10
2 14
2 28
3 13
4 10
5 8
5 22
6 26
7 10
8 14
8 28
9 11
9 25
10 23
11 13
12 11
12 25
1 8
1 22
2 26
3 26
4 23
5 14
5 28
6 11
6 25
7 23
8 13
9 10
10 8
10 22
11 26
12 10
1 14
1 28
2 11
2 25
3 11
3 25
4 8
4 22
5 13
6 10
7 8
7 22
8 26
9 23
10 14
10 28
11 11
11 25
12 23
1 13
2 10
3 10
4 14
4 28
5 26
6 23
7 14
7 28
8 11
8 25
9 8
9 22
10 13
11 10
12 8
12 22
1 26
2 23
3 8
3 22
4 26
5 10
6 14
6 28
7 26
8 23
9 13
10 11
10 25
11 8
11 22
12 13
1 10
2 14
2 28
3 14
3 28
4 11
4 25
5 23
6 13
7 11
7 25
8 8
8 22
9 26
10 10
11 14
11 28
12 26
1 23
2 13
3 13
4 10
5 8
5 22
6 26
7 10
8 14
8 28
9 11
9 25
10 23
11 13
12 11
12 25
1 8
1 22
2 26
3 26
4 23
5 14
5 28
6 11
6 25
7 23
8 13
9 10
10 8
10 22
11 26
12 10
1 14
1 28
2 11
2 25
3 10
4 14
4 28
5 26
6 23
7 14
7 28
8 11
8 25
9 8
9 22
10 13
11 10
12 8
12 22
1 26
2 23
3 23
4 13
5 11
5 25
6 8
6 22
7 13
8 10
9 14
9 28
10 26
11 23
12 14
12 28
1 11
1 25
2 8
2 22
3 8
3 22
4 26
5 10
6 14
6 28
7 26
8 23
9 13
10 11
10 25
11 8
11 22
12 13
1 10
2 14
2 28
3 14
3 28
4 11
4 25
5 23
6 13
7 11
7 25
8 8
8 22
9 26
10 10
11 14
11 28
12 26
1 23
2 13
3 26
4 23
5 14
5 28
6 11
6 25
7 23
8 13
9 10
10 8
10 22
11 26
12 10
1 14
1 28
2 11
2 25
3 11
3 25
4 8
4 22
5 13
6 10
7 8
7 22
8 26
9 23
10 14
10 28
11 11
11 25
12 23
1 13
2 10
3 10
4 14
4 28
5 26
6 23
7 14
7 28
8 11
8 25
9 8
9 22
10 13
11 10
12 8
12 22
1 26
2 23
3 23
4 13
5 11
5 25
6 8
6 22
7 13
8 10
9 14
9 28
10 26
11 23
12 14
12 28
1 11
1 25
2 8
2 22
3 14
3 28
4 11
4 25
5 23
6 13
7 11
7 25
8 8
8 22
9 26
10 10
11 14
11 28
12 26
1 23
2 13
3 13
4 10
5 8
5 22
6 26
7 10
8 14
8 28
9 11
9 25
10 23
11 13
12 11
12 25
1 8
1 22
2 26
3 26
4 23
5 14
5 28
6 11
6 25
7 23
8 13
9 10
10 8
10 22
11 26
12 10
1 14
1 28
2 11
2 25
3 11
3 25
4 8
4 22
5 13
6 10
7 8
7 22
8 26
9 23
10 14
10 28
11 11
11 25
12 23
1 13
2 10
3 23
4 13
5 11
5 25
6 8
6 22
7 13
8 10
9 14
9 28
10 26
11 23
12 14
12 28
1 11
1 25
2 8
2 22
3 8
3 22
4 26
5 10
6 14
6 28
7 26
8 23
9 13
10 11
10 25
11 8
11 22
12 13
1 10
2 14
2 28
3 14
3 28
4 11
4 25
5 23
6 13
7 11
7 25
8 8
8 22
9 26
10 10
11 14
11 28
12 26
1 23
2 13
3 13
4 10
5 8
5 22
6 26
7 10
8 14
8 28
9 11
9 25
10 23
11 13
12 11
12 25
1 8
1 22
2 26
3 11
3 25
4 8
4 22
5 13
6 10
7 8
7 22
8 26
9 23
10 14
10 28
11 11
11 25
12 23
1 13
2 10
3 10
4 14
4 28
5 26
6 23
7 14
7 28
8 11
8 25
9 8
9 22
10 13
11 10
12 8
12 22
1 26
2 23
3 23
4 13
5 11
5 25
6 8
6 22
7 13
8 10
9 14
9 28
10 26
11 23
12 14
12 28
1 11
1 25
2 8
2 22
3 8
3 22
4 26
5 10
6 14
6 28
7 26
8 23
9 13
10 11
10 25
11 8
11 22
12 13
1 10
2 14
2 28
3 13
4 10
5 8
5 22
6 26
7 10
8 14
8 28
9 11
9 25
10 23
11 13
12 11
12 25
1 8
1 22
2 26
3 26
4 23
5 14
5 28
6 11
6 25
7 23
8 13
9 10
10 8
10 22
11 26
12 10
1 14
1 28
2 11
2 25
3 11
3 25
4 8
4 22
5 13
6 10
7 8
7 22
8 26
9 23
10 14
10 28
11 11
11 25
12 23
1 13
2 10
3 10
4 14
4 28
5 26
6 23
7 14
7 28
8 11
8 25
9 8
9 22
10 13
11 10
12 8
12 22
1 26
2 23
3 8
3 22
4 26
5 10
6 14
6 28
7 26
8 23
9 13
10 11
10 25
11 8
11 22
12 13
1 10
2 14
2 28
3 14
3 28
4 11
4 25
5 23
6 13
7 11
7 25
8 8
8 22
9 26
10 10
11 14
11 28
12 26
1 23
2 13
3 13
4 10
5 8
5 22
6 26
7 10
8 14
8 28
9 11
9 25
10 23
11 13
12 11
12 25
1 8
1 22
2 26
3 26
4 23
5 14
5 28
6 11
6 25
7 23
8 13
9 10
10 8
10 22
11 26
12 10
1 14
1 28
2 11
2 25
3 10
4 14
4 28
5 26
6 23
7 14
7 28
8 11
8 25
9 8
9 22
10 13
11 10
12 8
12 22
1 26
2 23
3 23
4 13
5 11
5 25
6 8
6 22
7 13
8 10
9 14
9 28
10 26
11 23
12 14
12 28
1 11
1 25
2 8
2 22
3 8
3 22
4 26
5 10
6 14
6 28
7 26
8 23
9 13
10 11
10 25
11 8
11 22
12 13
1 10
2 14
2 28
3 14
3 28
4 11
4 25
5 23
6 13
7 11
7 25
8 8
8 22
9 26
10 10
11 14
11 28
12 26
1 23
2 13
3 26
4 23
5 14
5 28
6 11
6 25
7 23
8 13
9 10
10 8
10 22
11 26
12 10
1 14
1 28
2 11
2 25
3 11
3 25
4 8
4 22
5 13
6 10
7 8
7 22
8 26
9 23
10 14
10 28
11 11
11 25
12 23
1 13
2 10
3 10
4 14
4 28
5 26
6 23
7 14
7 28
8 11
8 25
9 8
9 22
10 13
11 10
12 8
12 22
1 26
2 23
3 23
4 13
5 11
5 25
6 8
6 22
7 13
8 10
9 14
9 28
10 26
11 23
12 14
12 28
1 11
1 25
2 8
2 22
3 14
3 28
4 11
4 25
5 23
6 13
7 11
7 25
8 8
8 22
9 26
10 10
11 14
11 28
12 26
1 23
2 13
3 13
4 10
5 8
5 22
6 26
7 10
8 14
8 28
9 11
9 25
10 23
11 13
12 11
12 25
1 8
1 22
2 26
3 26
4 23
5 14
5 28
6 11
6 25
7 23
8 13
9 10
10 8
10 22
11 26
12 10
1 14
1 28
2 11
2 25
3 11
3 25
4 8
4 22
5 13
6 10
7 8
7 22
8 26
9 23
10 14
10 28
11 11
11 25
12 23
1 13
2 10
3 23
4 13
5 11
5 25
6 8
6 22
7 13
8 10
9 14
9 28
10 26
11 23
12 14
12 28
1 11
1 25
2 8
2 22
3 8
3 22
4 26
5 10
6 14
6 28
7 26
8 23
9 13
10 11
10 25
11 8
11 22
12 13
1 10
2 14
2 28
3 14
3 28
4 11
4 25
5 23
6 13
7 11
7 25
8 8
8 22
9 26
10 10
11 14
11 28
12 26
1 23
2 13
3 13
4 10
5 8
5 22
6 26
7 10
8 14
8 28
9 11
9 25
10 23
11 13
12 11
12 25
1 8
1 22
2 26
3 11
3 25
4 8
4 22
5 13
6 10
7 8
7 22
8 26
9 23
10 14
10 28
11 11
11 25
12 23
1 13
2 10
3 10
4 14
4 28
5 26
6 23
7 14
7 28
8 11
8 25
9 8
9 22
10 13
11 10
12 8
12 22
1 26
2 23
3 23
4 13
5 11
5 25
6 8
6 22
7 13
8 10
9 14
9 28
10 26
11 23
12 14
12 28
1 11
1 25
2 8
2 22
3 8
3 22
4 26
5 10
6 14
6 28
7 26
8 23
9 13
10 11
10 25
11 8
11 22
12 13
1 10
2 14
2 28
3 13
4 10
5 8
5 22
6 26
7 10
8 14
8 28
9 11
9 25
10 23
11 13
12 11
12 25
1 8
1 22
2 26
3 26
4 23
5 14
5 28
6 11
6 25
7 23
8 13
9 10
10 8
10 22
11 26
12 10
1 14
1 28
2 11
2 25
3 11
3 25
4 29
5 13
6 10
7 8
7 22
8 26
9 23
10 14
10 28
11 11
11 25
12 23
1 13
2 10
3 10
4 14
4 28
5 26
6 23
7 14
7 28
8 11
8 25
9 8
9 22
10 13
11 10
12 8
12 22
1 26
2 23
3 8
3 22
4 26
5 10
6 14
6 28
7 26
8 23
9 13
10 11
10 25
11 8
11 22
12 13
1 10
2 14
2 28
3 14
3 28
4 11
4 25
5 23
6 13
7 11
7 25
8 8
8 22
9 26
10 10
11 14
11 28
12 26
1 23
2 13
3 13
4 10
5 8
5 22
6 26
7 10
8 14
8 28
9 11
9 25
10 23
11 13
12 11
12 25
1 8
1 22
2 26
3 26
4 23
5 14
5 28
6 11
6 25
7 23
8 13
9 10
10 8
10 22
11 26
12 10
1 14
1 28
2 11
2 25
3 10
4 14
4 28
5 26
6 23
7 14
7 28
8 11
8 25
9 8
9 22
10 13
11 10
12 8
12 22
1 26
2 23
3 23
4 13
5 11
5 25
6 8
6 22
7 13
8 10
9 14
9 28
10 26
11 23
12 14
12 28
1 11
1 25
2 8
2 22
3 8
3 22
4 26
5 10
6 14
6 28
7 26
8 23
9 13
10 11
10 25
11 8
11 22
12 13
1 10
2 14
2 28
3 14
3 28
4 11
4 25
5 23
6 13
7 11
7 25
8 8
8 22
9 26
10 10
11 14
11 28
12 26
1 23
2 13
3 26
4 23
5 14
5 28
6 11
6 25
7 23
8 13
9 10
10 8
10 22
11 26
12 10
1 14
1 28
2 11
2 25
3 11
3 25
4 8
4 22
5 13
6 10
7 8
7 22
8 26
9 23
10 14
10 28
11 11
11 25
12 23
1 13
2 10
3 10
4 14
4 28
5 26
6 23
7 14
7 28
8 11
8 25
9 8
9 22
10 13
11 10
12 8
12 22
1 26
2 23
3 23
4 13
5 11
5 25
6 8
6 22
7 13
8 10
9 14
9 28
10 26
11 23
12 14
12 28
1 11
1 25
2 8
2 22
3 14
3 28
4 11
4 25
5 23
6 13
7 11
7 25
8 8
8 22
9 26
10 10
11 14
11 28
12 26
1 23
2 13
3 13
4 10
5 8
5 22
6 26
7 10
8 14
8 28
9 11
9 25
10 23
11 13
12 11
12 25
1 8
1 22
2 26
3 26
4 23
5 14
5 28
6 11
6 25
7 23
8 13
9 10
10 8
10 22
11 26
12 10
1 14
1 28
2 11
2 25
3 11
3 25
4 8
4 22
5 13
6 10
7 8
7 22
8 26
9 23
10 14
10 28
12 23
1 13
2 10
3 23
4 13
5 11
5 25
6 8
6 22
7 13
8 10
9 14
9 28
10 26
11 23
12 14
12 28
1 11
1 25
2 8
2 22
3 8
3 22
4 26
5 10
6 14
6 28
7 26
8 23
9 13
10 11
10 25
11 8
11 22
12 13
1 10
2 14
2 28
3 14
3 28
4 11
4 25
5 23
6 13
7 11
7 25
8 8
8 22
9 26
10 10
11 14
11 28
12 26
1 23
2 13
3 13
4 10
5 8
5 22
6 26
7 10
8 14
8 28
9 11
9 25
10 23
11 13
12 11
12 25
1 8
1 22
2 26
3 11
3 25
4 8
4 22
5 13
6 10
7 8
7 22
8 26
9 23
10 14
10 28
12 23
1 13
2 10
3 10
4 14
4 28
5 26
6 23
7 14
7 28
8 11
8 25
9 8
9 22
10 13
11 10
12 8
12 22
1 26
2 23
3 23
4 13
5 11
5 25
6 8
6 22
7 13
8 10
9 14
9 28
10 26
11 23
12 14
12 28
1 11
1 25
2 8
2 22
3 8
3 22
4 26
5 10
6 14
6 28
7 26
8 23
9 13
10 11
10 25
11 8
11 22
12 13
1 10
2 14
2 28
3 13
4 10
5 8
5 22
6 26
7 10
8 14
8 28
9 11
9 25
10 23
11 13
12 11
12 25
1 8
1 22
2 26
3 26
4 23
5 14
5 28
6 11
6 25
7 23
8 13
9 10
10 8
10 22
11 26
12 10
1 14
1 28
2 11
2 25
3 11
3 25
4 8
4 22
5 13
6 10
7 8
7 22
8 26
9 23
10 14
10 28
12 23
1 13
2 10
3 10
4 14
4 28
5 26
6 23
7 14
7 28
8 11
8 25
9 8
9 22
10 13
11 10
12 8
12 22
1 26
2 23
3 8
3 22
4 26
5 10
6 14
6 28
7 26
8 23
9 13
10 11
10 25
11 8
11 22
12 13
1 10
2 14
2 28
3 14
3 28
4 11
4 25
5 23
6 13
7 11
7 25
8 8
8 22
9 26
10 10
11 14
11 28
12 26
1 23
2 13
3 13
4 10
5 8
5 22
6 26
7 10
8 14
8 28
9 11
9 25
10 23
11 13
12 11
12 25
1 8
1 22
2 26
3 26
4 23
5 14
5 28
6 11
6 25
7 23
8 13
9 10
10 8
10 22
11 26
12 10
1 14
1 28
2 11
2 25
3 10
4 14
4 28
5 26
6 23
7 14
7 28
8 11
8 25
9 8
9 22
10 13
11 10
12 8
12 22
1 26
2 23
3 23
4 13
5 11
5 25
6 8
6 22
7 13
8 10
9 14
9 28
10 26
11 23
12 14
12 28
1 11
1 25
2 8
2 22
3 8
3 22
4 26
5 10
6 14
6 28
7 26
8 23
9 13
10 11
10 25
11 8
11 22
12 13
1 10
2 14
2 28
3 14
3 28
4 11
4 25
5 23
6 13
7 11
7 25
8 8
8 22
9 26
10 10
11 14
11 28
12 26
1 23
2 13
3 26
4 23
5 14
5 28
6 11
6 25
7 23
8 13
9 10
10 8
10 22
11 26
12 10
1 14
1 28
2 11
2 25
3 11
3 25
4 8
4 22
5 13
6 10
7 8
7 22
8 26
9 23
10 14
10 28
11 11
11 25
12 23
1 13
2 10
3 10
4 14
4 28
5 26
6 23
7 14
7 28
8 11
8 25
9 8
9 22
10 13
11 10
12 8
12 22
1 26
2 23
3 23
4 13
5 11
5 25
6 8
6 22
7 13
8 10
9 14
9 28
10 26
11 23
12 14
12 28
1 11
1 25
2 8
2 22
3 14
3 28
4 11
4 25
5 23
6 13
7 11
7 25
8 8
8 22
9 26
10 10
11 14
11 28
12 26
1 23
2 13
3 13
4 10
5 8
5 22
6 26
7 10
8 14
8 28
9 11
9 25
10 23
11 13
12 11
12 25
1 8
1 22
2 26
3 26
4 23
5 14
5 28
6 11
6 25
7 23
8 13
9 10
10 8
10 22
11 26
12 10
1 14
1 28
2 11
2 25
3 11
3 25
4 8
4 22
5 13
6 10
7 8
7 22
8 26
9 23
10 14
10 28
11 11
11 25
12 23
1 13
2 10
3 23
4 13
5 11
5 25
6 8
6 22
7 13
8 10
9 14
9 28
10 26
11 23
12 14
12 28
1 11
1 25
2 8
2 22
3 8
3 22
4 26
5 10
6 14
6 28
7 26
8 23
9 13
10 11
10 25
11 8
11 22
12 13
1 10
2 14
2 28
3 14
3 28
4 11
4 25
5 23
6 13
7 11
7 25
8 8
8 22
9 26
10 10
11 14
11 28
12 26
1 23
2 13
3 13
4 10
5 8
5 22
6 26
7 10
8 14
8 28
9 11
9 25
10 23
11 13
12 11
12 25
1 8
1 22
2 26
3 11
3 25
4 8
4 22
5 13
6 10
7 8
7 22
8 26
9 23
10 14
10 28
11 11
11 25
12 23
1 13
2 10
3 10
4 14
4 28
5 26
6 23
7 14
7 28
8 11
8 25
9 8
9 22
10 13
11 10
12 8
12 22
1 26
2 23
3 23
4 13
5 11
5 25
6 8
6 22
7 13
8 10
9 14
9 28
10 26
11 23
12 14
12 28
1 11
1 25
2 8
2 22
3 8
3 22
4 26
5 10
6 14
6 28
7 26
8 23
9 13
10 11
10 25
11 8
11 22
12 13
1 10
2 14
2 28
3 13
4 10
5 8
5 22
6 26
7 10
8 14
8 28
9 11
9 25
10 23
11 13
12 11
12 25
1 8
1 22
2 26
3 26
4 23
5 14
5 28
6 11
6 25
7 23
8 13
9 10
10 8
10 22
11 26
12 10
1 14
1 28
2 11
2 25
3 11
3 25
4 8
4 22
5 13
6 10
7 8
7 22
8 26
9 23
10 14
10 28
11 11
11 25
12 23
