1910 1 13
1910 2 10
1910 3 10
1910 4 14
1910 4 28
1910 5 26
1910 6 23
1910 7 14
1910 7 28
1910 8 11
1910 8 25
1910 9 8
1910 9 22
1910 10 13
1910 11 10
1910 12 8
1910 12 22
1911 1 26
1911 2 23
1911 3 23
1911 4 13
1911 5 11
1911 5 25
1911 6 8
1911 6 22
1911 7 13
1911 8 10
1911 9 14
1911 9 28
1911 10 26
1911 11 23
1911 12 14
1911 12 28
1912 1 11
1912 1 25
1912 2 8
1912 2 22
1912 3 14
1912 3 28
1912 4 11
1912 4 25
1912 5 23
1912 6 13
1912 7 11
1912 7 25
1912 8 8
1912 8 22
1912 9 26
1912 10 10
1912 11 14
1912 11 28
1912 12 26
1913 1 23
1913 2 13
1913 3 13
1913 4 10
1913 5 8
1913 5 22
1913 6 26
1913 7 10
1913 8 14
1913 8 28
1913 9 11
1913 9 25
1913 10 23
1913 11 13
1913 12 11
1913 12 25
1914 1 8
1914 1 22
1914 2 26
1914 3 26
1914 4 23
1914 5 14
1914 5 28
1914 6 11
1914 6 25
1914 7 23
1914 8 13
1914 9 10
1914 10 8
1914 10 22
1914 11 26
1914 12 10
1915 1 14
1915 1 28
1915 2 11
1915 2 25
1915 3 11
1915 3 25
1915 4 8
1915 4 22
1915 5 13
1915 6 10
1915 7 8
1915 7 22
1915 8 26
1915 9 23
1915 10 14
1915 10 28
1915 11 11
1915 11 25
1915 12 23
1916 1 13
1916 2 10
1916 3 23
1916 4 13
1916 5 11
1916 5 25
1916 6 8
1916 6 22
1916 7 13
1916 8 10
1916 9 14
1916 9 28
1916 10 26
1916 11 23
1916 12 14
1916 12 28
1917 1 11
1917 1 25
1917 2 8
1917 2 22
1917 3 8
1917 3 22
1917 4 26
1917 5 10
1917 6 14
1917 6 28
1917 7 26
1917 8 23
1917 9 13
1917 10 11
1917 10 25
1917 11 8
1917 11 22
1917 12 13
1918 1 10
1918 2 14
1918 2 28
1918 3 14
1918 3 28
1918 4 11
1918 4 25
1918 5 23
1918 6 13
1918 7 11
1918 7 25
1918 8 8
1918 8 22
1918 9 26
1918 10 10
1918 11 14
1918 11 28
1918 12 26
1919 1 23
1919 2 13
1919 3 13
1919 4 10
1919 5 8
1919 5 22
1919 6 26
1919 7 10
1919 8 14
1919 8 28
1919 9 11
1919 9 25
1919 10 23
1919 11 13
1919 12 11
1919 12 25
1920 1 8
1920 1 22
1920 2 26
1920 3 11
1920 3 25
1920 4 8
1920 4 22
1920 5 13
1920 6 10
1920 7 8
1920 7 22
1920 8 26
1920 9 23
1920 10 14
1920 10 28
1920 11 11
1920 11 25
1920 12 23
1921 1 13
1921 2 10
1921 3 10
1921 4 14
1921 4 28
1921 5 26
1921 6 23
1921 7 14
1921 7 28
1921 8 11
1921 8 25
1921 9 8
1921 9 22
1921 10 13
1921 11 10
1921 12 8
1921 12 22
1922 1 26
1922 2 23
1922 3 23
1922 4 13
1922 5 11
1922 5 25
1922 6 8
1922 6 22
1922 7 13
1922 8 10
1922 9 14
1922 9 28
1922 10 26
1922 11 23
1922 12 14
1922 12 28
1923 1 11
1923 1 25
1923 2 8
1923 2 22
1923 3 8
1923 3 22
1923 4 26
1923 5 10
1923 6 14
1923 6 28
1923 7 26
1923 8 23
1923 9 13
1923 10 11
1923 10 25
1923 11 8
1923 11 22
1923 12 13
1924 1 10
1924 2 14
1924 2 28
1924 3 13
1924 4 10
1924 5 8
1924 5 22
1924 6 26
1924 7 10
1924 8 14
1924 8 28
1924 9 11
1924 9 25
1924 10 23
1924 11 13
1924 12 11
1924 12 25
1925 1 8
1925 1 22
1925 2 26
1925 3 26
1925 4 23
1925 5 14
1925 5 28
1925 6 11
1925 6 25
1925 7 23
1925 8 13
1925 9 10
1925 10 8
1925 10 22
1925 11 26
1925 12 10
1926 1 14
1926 1 28
1926 2 11
1926 2 25
1926 3 11
1926 3 25
1926 4 8
1926 4 22
1926 5 13
1926 6 10
1926 7 8
1926 7 22
1926 8 26
1926 9 23
1926 10 14
1926 10 28
1926 11 11
1926 11 25
1926 12 23
1927 1 13
1927 2 10
1927 3 10
1927 4 14
1927 4 28
1927 5 26
1927 6 23
1927 7 14
1927 7 28
1927 8 11
1927 8 25
1927 9 8
1927 9 22
1927 10 13
1927 11 10
1927 12 8
1927 12 22
1928 1 26
1928 2 23
1928 3 8
1928 3 22
1928 4 26
1928 5 10
1928 6 14
1928 6 28
1928 7 26
1928 8 23
1928 9 13
1928 10 11
1928 10 25
1928 11 8
1928 11 22
1928 12 13
1929 1 10
1929 2 14
1929 2 28
1929 3 14
1929 3 28
1929 4 11
1929 4 25
1929 5 23
1929 6 13
1929 7 11
1929 7 25
1929 8 8
1929 8 22
1929 9 26
1929 10 10
1929 11 14
1929 11 28
1929 12 26
1930 1 23
1930 2 13
1930 3 13
1930 4 10
1930 5 8
1930 5 22
1930 6 26
1930 7 10
1930 8 14
1930 8 28
1930 9 11
1930 9 25
1930 10 23
1930 11 13
1930 12 11
1930 12 25
1931 1 8
1931 1 22
1931 2 26
1931 3 26
1931 4 23
1931 5 14
1931 5 28
1931 6 11
1931 6 25
1931 7 23
1931 8 13
1931 9 10
1931 10 8
1931 10 22
1931 11 26
1931 12 10
1932 1 14
1932 1 28
1932 2 11
1932 2 25
1932 3 10
1932 4 14
1932 4 28
1932 5 26
1932 6 23
1932 7 14
1932 7 28
1932 8 11
1932 8 25
1932 9 8
1932 9 22
1932 10 13
1932 11 10
1932 12 8
1932 12 22
1933 1 26
1933 2 23
1933 3 23
1933 4 13
1933 5 11
1933 5 25
1933 6 8
1933 6 22
1933 7 13
1933 8 10
1933 9 14
1933 9 28
1933 10 26
1933 11 23
1933 12 14
1933 12 28
1934 1 11
1934 1 25
1934 2 8
1934 2 22
1934 3 8
1934 3 22
1934 4 26
1934 5 10
1934 6 14
1934 6 28
1934 7 26
1934 8 23
1934 9 13
1934 10 11
1934 10 25
1934 11 8
1934 11 22
1934 12 13
1935 1 10
1935 2 14
1935 2 28
1935 3 14
1935 3 28
1935 4 11
1935 4 25
1935 5 23
1935 6 13
1935 7 11
1935 7 25
1935 8 8
1935 8 22
1935 9 26
1935 10 10
1935 11 14
1935 11 28
1935 12 26
1936 1 23
1936 2 13
1936 3 26
1936 4 23
1936 5 14
1936 5 28
1936 6 11
1936 6 25
1936 7 23
1936 8 13
1936 9 10
1936 10 8
1936 10 22
1936 11 26
1936 12 10
1937 1 14
1937 1 28
1937 2 11
1937 2 25
1937 3 11
1937 3 25
1937 4 8
1937 4 22
1937 5 13
1937 6 10
1937 7 8
1937 7 22
1937 8 26
1937 9 23
1937 10 14
1937 10 28
1937 11 11
1937 11 25
1937 12 23
1938 1 13
1938 2 10
1938 3 10
1938 4 14
1938 4 28
1938 5 26
1938 6 23
1938 7 14
1938 7 28
1938 8 11
1938 8 25
1938 9 8
1938 9 22
1938 10 13
1938 11 10
1938 12 8
1938 12 22
1939 1 26
1939 2 23
1939 3 23
1939 4 13
1939 5 11
1939 5 25
1939 6 8
1939 6 22
1939 7 13
1939 8 10
1939 9 14
1939 9 28
1939 10 26
1939 11 23
1939 12 14
1939 12 28
1940 1 11
1940 1 25
1940 2 8
1940 2 22
1940 3 14
1940 3 28
1940 4 11
1940 4 25
1940 5 23
1940 6 13
1940 7 11
1940 7 25
1940 8 8
1940 8 22
1940 9 26
1940 10 10
1940 11 14
1940 11 28
1940 12 26
1941 1 23
1941 2 13
1941 3 13
1941 4 10
1941 5 8
1941 5 22
1941 6 26
1941 7 10
1941 8 14
1941 8 28
1941 9 11
1941 9 25
1941 10 23
1941 11 13
1941 12 11
1941 12 25
1942 1 8
1942 1 22
1942 2 26
1942 3 26
1942 4 23
1942 5 14
1942 5 28
1942 6 11
1942 6 25
1942 7 23
1942 8 13
1942 9 10
1942 10 8
1942 10 22
1942 11 26
1942 12 10
1943 1 14
1943 1 28
1943 2 11
1943 2 25
1943 3 11
1943 3 25
1943 4 8
1943 4 22
1943 5 13
1943 6 10
1943 7 8
1943 7 22
1943 8 26
1943 9 23
1943 10 14
1943 10 28
1943 11 11
1943 11 25
1943 12 23
1944 1 13
1944 2 10
1944 3 23
1944 4 13
1944 5 11
1944 5 25
1944 6 8
1944 6 22
1944 7 13
1944 8 10
1944 9 14
1944 9 28
1944 10 26
1944 11 23
1944 12 14
1944 12 28
1945 1 11
1945 1 25
1945 2 8
1945 2 22
1945 3 8
1945 3 22
1945 4 26
1945 5 10
1945 6 14
1945 6 28
1945 7 26
1945 8 23
1945 9 13
1945 10 11
1945 10 25
1945 11 8
1945 11 22
1945 12 13
1946 1 10
1946 2 14
1946 2 28
1946 3 14
1946 3 28
1946 4 11
1946 4 25
1946 5 23
1946 6 13
1946 7 11
1946 7 25
1946 8 8
1946 8 22
1946 9 26
1946 10 10
1946 11 14
1946 11 28
1946 12 26
1947 1 23
1947 2 13
1947 3 13
1947 4 10
1947 5 8
1947 5 22
1947 6 26
1947 7 10
1947 8 14
1947 8 28
1947 9 11
1947 9 25
1947 10 23
1947 11 13
1947 12 11
1947 12 25
1948 1 8
1948 1 22
1948 2 26
1948 3 11
1948 3 25
1948 4 8
1948 4 22
1948 5 13
1948 6 10
1948 7 8
1948 7 22
1948 8 26
1948 9 23
1948 10 14
1948 10 28
1948 11 11
1948 11 25
1948 12 23
1949 1 13
1949 2 10
1949 3 10
1949 4 14
1949 4 28
1949 5 26
1949 6 23
1949 7 14
1949 7 28
1949 8 11
1949 8 25
1949 9 8
1949 9 22
1949 10 13
1949 11 10
1949 12 8
1949 12 22
1950 1 26
1950 2 23
1950 3 23
1950 4 13
1950 5 11
1950 5 25
1950 6 8
1950 6 22
1950 7 13
1950 8 10
1950 9 14
1950 9 28
1950 10 26
1950 11 23
1950 12 14
1950 12 28
1951 1 11
1951 1 25
1951 2 8
1951 2 22
1951 3 8
1951 3 22
1951 4 26
1951 5 10
1951 6 14
1951 6 28
1951 7 26
1951 8 23
1951 9 13
1951 10 11
1951 10 25
1951 11 8
1951 11 22
1951 12 13
1952 1 10
1952 2 14
1952 2 28
1952 3 13
1952 4 10
1952 5 8
1952 5 22
1952 6 26
1952 7 10
1952 8 14
1952 8 28
1952 9 11
1952 9 25
1952 10 23
1952 11 13
1952 12 11
1952 12 25
1953 1 8
1953 1 22
1953 2 26
1953 3 26
1953 4 23
1953 5 14
1953 5 28
1953 6 11
1953 6 25
1953 7 23
1953 8 13
1953 9 10
1953 10 8
1953 10 22
1953 11 26
1953 12 10
1954 1 14
1954 1 28
1954 2 11
1954 2 25
1954 3 11
1954 3 25
1954 4 8
1954 4 22
1954 5 13
1954 6 10
1954 7 8
1954 7 22
1954 8 26
1954 9 23
1954 10 14
1954 10 28
1954 11 11
1954 11 25
1954 12 23
1955 1 13
1955 2 10
1955 3 10
1955 4 14
1955 4 28
1955 5 26
1955 6 23
1955 7 14
1955 7 28
1955 8 11
1955 8 25
1955 9 8
1955 9 22
1955 10 13
1955 11 10
1955 12 8
1955 12 22
1956 1 26
1956 2 23
1956 3 8
1956 3 22
1956 4 26
1956 5 10
1956 6 14
1956 6 28
1956 7 26
1956 8 23
1956 9 13
1956 10 11
1956 10 25
1956 11 8
1956 11 22
1956 12 13
1957 1 10
1957 2 14
1957 2 28
1957 3 14
1957 3 28
1957 4 11
1957 4 25
1957 5 23
1957 6 13
1957 7 11
1957 7 25
1957 8 8
1957 8 22
1957 9 26
1957 10 10
1957 11 14
1957 11 28
1957 12 26
1958 1 23
1958 2 13
1958 3 13
1958 4 10
1958 5 8
1958 5 22
1958 6 26
1958 7 10
1958 8 14
1958 8 28
1958 9 11
1958 9 25
1958 10 23
1958 11 13
1958 12 11
1958 12 25
1959 1 8
1959 1 22
1959 2 26
1959 3 26
1959 4 23
1959 5 14
1959 5 28
1959 6 11
1959 6 25
1959 7 23
1959 8 13
1959 9 10
1959 10 8
1959 10 22
1959 11 26
1959 12 10
1960 1 14
1960 1 28
1960 2 11
1960 2 25
1960 3 10
1960 4 14
1960 4 28
1960 5 26
1960 6 23
1960 7 14
1960 7 28
1960 8 11
1960 8 25
1960 9 8
1960 9 22
1960 10 13
1960 11 10
1960 12 8
1960 12 22
1961 1 26
1961 2 23
1961 3 23
1961 4 13
1961 5 11
1961 5 25
1961 6 8
1961 6 22
1961 7 13
1961 8 10
1961 9 14
1961 9 28
1961 10 26
1961 11 23
1961 12 14
1961 12 28
1962 1 11
1962 1 25
1962 2 8
1962 2 22
1962 3 8
1962 3 22
1962 4 26
1962 5 10
1962 6 14
1962 6 28
1962 7 26
1962 8 23
1962 9 13
1962 10 11
1962 10 25
1962 11 8
1962 11 22
1962 12 13
1963 1 10
1963 2 14
1963 2 28
1963 3 14
1963 3 28
1963 4 11
1963 4 25
1963 5 23
1963 6 13
1963 7 11
1963 7 25
1963 8 8
1963 8 22
1963 9 26
1963 10 10
1963 11 14
1963 11 28
1963 12 26
1964 1 23
1964 2 13
1964 3 26
1964 4 23
1964 5 14
1964 5 28
1964 6 11
1964 6 25
1964 7 23
1964 8 13
1964 9 10
1964 10 8
1964 10 22
1964 11 26
1964 12 10
1965 1 14
1965 1 28
1965 2 11
1965 2 25
1965 3 11
1965 3 25
1965 4 8
1965 4 22
1965 5 13
1965 6 10
1965 7 8
1965 7 22
1965 8 26
1965 9 23
1965 10 14
1965 10 28
1965 11 11
1965 11 25
1965 12 23
1966 1 13
1966 2 10
1966 3 10
1966 4 14
1966 4 28
1966 5 26
1966 6 23
1966 7 14
1966 7 28
1966 8 11
1966 8 25
1966 9 8
1966 9 22
1966 10 13
1966 11 10
1966 12 8
1966 12 22
1967 1 26
1967 2 23
1967 3 23
1967 4 13
1967 5 11
1967 5 25
1967 6 8
1967 6 22
1967 7 13
1967 8 10
1967 9 14
1967 9 28
1967 10 26
1967 11 23
1967 12 14
1967 12 28
1968 1 11
1968 1 25
1968 2 8
1968 2 22
1968 3 14
1968 3 28
1968 4 11
1968 4 25
1968 5 23
1968 6 13
1968 7 11
1968 7 25
1968 8 8
1968 8 22
1968 9 26
1968 10 10
1968 11 14
1968 11 28
1968 12 26
1969 1 23
1969 2 13
1969 3 13
1969 4 10
1969 5 8
1969 5 22
1969 6 26
1969 7 10
1969 8 14
1969 8 28
1969 9 11
1969 9 25
1969 10 23
1969 11 13
1969 12 11
1969 12 25
1970 1 8
1970 1 22
1970 2 26
1970 3 26
1970 4 23
1970 5 14
1970 5 28
1970 6 11
1970 6 25
1970 7 23
1970 8 13
1970 9 10
1970 10 8
1970 10 22
1970 11 26
1970 12 10
1971 1 14
1971 1 28
1971 2 11
1971 2 25
1971 3 11
1971 3 25
1971 4 8
1971 4 22
1971 5 13
1971 6 10
1971 7 8
1971 7 22
1971 8 26
1971 9 23
1971 10 14
1971 10 28
1971 11 11
1971 11 25
1971 12 23
1972 1 13
1972 2 10
1972 3 23
1972 4 13
1972 5 11
1972 5 25
1972 6 8
1972 6 22
1972 7 13
1972 8 10
1972 9 14
1972 9 28
1972 10 26
1972 11 23
1972 12 14
1972 12 28
1973 1 11
1973 1 25
1973 2 8
1973 2 22
1973 3 8
1973 3 22
1973 4 26
1973 5 10
1973 6 14
1973 6 28
1973 7 26
1973 8 23
1973 9 13
1973 10 11
1973 10 25
1973 11 8
1973 11 22
1973 12 13
1974 1 10
1974 2 14
1974 2 28
1974 3 14
1974 3 28
1974 4 11
1974 4 25
1974 5 23
1974 6 13
1974 7 11
1974 7 25
1974 8 8
1974 8 22
1974 9 26
1974 10 10
1974 11 14
1974 11 28
1974 12 26
1975 1 23
1975 2 13
1975 3 13
1975 4 10
1975 5 8
1975 5 22
1975 6 26
1975 7 10
1975 8 14
1975 8 28
1975 9 11
1975 9 25
1975 10 23
1975 11 13
1975 12 11
1975 12 25
1976 1 8
1976 1 22
1976 2 26
1976 3 11
1976 3 25
1976 4 8
1976 4 22
1976 5 13
1976 6 10
1976 7 8
1976 7 22
1976 8 26
1976 9 23
1976 10 14
1976 10 28
1976 11 11
1976 11 25
1976 12 23
1977 1 13
1977 2 10
1977 3 10
1977 4 14
1977 4 28
1977 5 26
1977 6 23
1977 7 14
1977 7 28
1977 8 11
1977 8 25
1977 9 8
1977 9 22
1977 10 13
1977 11 10
1977 12 8
1977 12 22
1978 1 26
1978 2 23
1978 3 23
1978 4 13
1978 5 11
1978 5 25
1978 6 8
1978 6 22
1978 7 13
1978 8 10
1978 9 14
1978 9 28
1978 10 26
1978 11 23
1978 12 14
1978 12 28
1979 1 11
1979 1 25
1979 2 8
1979 2 22
1979 3 8
1979 3 22
1979 4 26
1979 5 10
1979 6 14
1979 6 28
1979 7 26
1979 8 23
1979 9 13
1979 10 11
1979 10 25
1979 11 8
1979 11 22
1979 12 13
1980 1 10
1980 2 14
1980 2 28
1980 3 13
1980 4 10
1980 5 8
1980 5 22
1980 6 26
1980 7 10
1980 8 14
1980 8 28
1980 9 11
1980 9 25
1980 10 23
1980 11 13
1980 12 11
1980 12 25
1981 1 8
1981 1 22
1981 2 26
1981 3 26
1981 4 23
1981 5 14
1981 5 28
1981 6 11
1981 6 25
1981 7 23
1981 8 13
1981 9 10
1981 10 8
1981 10 22
1981 11 26
1981 12 10
1982 1 14
1982 1 28
1982 2 11
1982 2 25
1982 3 11
1982 3 25
1982 4 8
1982 4 22
1982 5 13
1982 6 10
1982 7 8
1982 7 22
1982 8 26
1982 9 23
1982 10 14
1982 10 28
1982 11 11
1982 11 25
1982 12 23
1983 1 13
1983 2 10
1983 3 10
1983 4 14
1983 4 28
1983 5 26
1983 6 23
1983 7 14
1983 7 28
1983 8 11
1983 8 25
1983 9 8
1983 9 22
1983 10 13
1983 11 10
1983 12 8
1983 12 22
1984 1 26
1984 2 23
1984 3 8
1984 3 22
1984 4 26
1984 5 10
1984 6 14
1984 6 28
1984 7 26
1984 8 23
1984 9 13
1984 10 11
1984 10 25
1984 11 8
1984 11 22
1984 12 13
1985 1 10
1985 2 14
1985 2 28
1985 3 14
1985 3 28
1985 4 11
1985 4 25
1985 5 23
1985 6 13
1985 7 11
1985 7 25
1985 8 8
1985 8 22
1985 9 26
1985 10 10
1985 11 14
1985 11 28
1985 12 26
1986 1 23
1986 2 13
1986 3 13
1986 4 10
1986 5 8
1986 5 22
1986 6 26
1986 7 10
1986 8 14
1986 8 28
1986 9 11
1986 9 25
1986 10 23
1986 11 13
1986 12 11
1986 12 25
1987 1 8
1987 1 22
1987 2 26
1987 3 26
1987 4 23
1987 5 14
1987 5 28
1987 6 11
1987 6 25
1987 7 23
1987 8 13
1987 9 10
1987 10 8
1987 10 22
1987 11 26
1987 12 10
1988 1 14
1988 1 28
1988 2 11
1988 2 25
1988 3 10
1988 4 14
1988 4 28
1988 5 26
1988 6 23
1988 7 14
1988 7 28
1988 8 11
1988 8 25
1988 9 8
1988 9 22
1988 10 13
1988 11 10
1988 12 8
1988 12 22
1989 1 26
1989 2 23
1989 3 23
1989 4 13
1989 5 11
1989 5 25
1989 6 8
1989 6 22
1989 7 13
1989 8 10
1989 9 14
1989 9 28
1989 10 26
1989 11 23
1989 12 14
1989 12 28
1990 1 11
1990 1 25
1990 2 8
1990 2 22
1990 3 8
1990 3 22
1990 4 26
1990 5 10
1990 6 14
1990 6 28
1990 7 26
1990 8 23
1990 9 13
1990 10 11
1990 10 25
1990 11 8
1990 11 22
1990 12 13
1991 1 10
1991 2 14
1991 2 28
1991 3 14
1991 3 28
1991 4 11
1991 4 25
1991 5 23
1991 6 13
1991 7 11
1991 7 25
1991 8 8
1991 8 22
1991 9 26
1991 10 10
1991 11 14
1991 11 28
1991 12 26
1992 1 23
1992 2 13
1992 3 26
1992 4 23
1992 5 14
1992 5 28
1992 6 11
1992 6 25
1992 7 23
1992 8 13
1992 9 10
1992 10 8
1992 10 22
1992 11 26
1992 12 10
1993 1 14
1993 1 28
1993 2 11
1993 2 25
1993 3 11
1993 3 25
1993 4 8
1993 4 22
1993 5 13
1993 6 10
1993 7 8
1993 7 22
1993 8 26
1993 9 23
1993 10 14
1993 10 28
1993 11 11
1993 11 25
1993 12 23
1994 1 13
1994 2 10
1994 3 10
1994 4 14
1994 4 28
1994 5 26
1994 6 23
1994 7 14
1994 7 28
1994 8 11
1994 8 25
1994 9 8
1994 9 22
1994 10 13
1994 11 10
1994 12 8
1994 12 22
1995 1 26
1995 2 23
1995 3 23
1995 4 13
1995 5 11
1995 5 25
1995 6 8
1995 6 22
1995 7 13
1995 8 10
1995 9 14
1995 9 28
1995 10 26
1995 11 23
1995 12 14
1995 12 28
1996 1 11
1996 1 25
1996 2 8
1996 2 22
1996 3 14
1996 3 28
1996 4 11
1996 4 25
1996 5 23
1996 6 13
1996 7 11
1996 7 25
1996 8 8
1996 8 22
1996 9 26
1996 10 10
1996 11 14
1996 11 28
1996 12 26
1997 1 23
1997 2 13
1997 3 13
1997 4 10
1997 5 8
1997 5 22
1997 6 26
1997 7 10
1997 8 14
1997 8 28
1997 9 11
1997 9 25
1997 10 23
1997 11 13
1997 12 11
1997 12 25
1998 1 8
1998 1 22
1998 2 26
1998 3 26
1998 4 23
1998 5 14
1998 5 28
1998 6 11
1998 6 25
1998 7 23
1998 8 13
1998 9 10
1998 10 8
1998 10 22
1998 11 26
1998 12 10
1999 1 14
1999 1 28
1999 2 11
1999 2 25
1999 3 11
1999 3 25
1999 4 8
1999 4 22
1999 5 13
1999 6 10
1999 7 8
1999 7 22
1999 8 26
1999 9 23
1999 10 14
1999 10 28
1999 11 11
1999 11 25
1999 12 23
2000 1 13
2000 2 10
2000 3 23
2000 4 13
2000 5 11
2000 5 25
2000 6 8
2000 6 22
2000 7 13
2000 8 10
2000 9 14
2000 9 28
2000 10 26
2000 11 23
2000 12 14
2000 12 28
2001 1 11
2001 1 25
2001 2 8
2001 2 22
2001 3 8
2001 3 22
2001 4 26
2001 5 10
2001 6 14
2001 6 28
2001 7 26
2001 8 23
2001 9 13
2001 10 11
2001 10 25
2001 11 8
2001 11 22
2001 12 13
2002 1 10
2002 2 14
2002 2 28
2002 3 14
2002 3 28
2002 4 11
2002 4 25
2002 5 23
2002 6 13
2002 7 11
2002 7 25
2002 8 8
2002 8 22
2002 9 26
2002 10 10
2002 11 14
2002 11 28
2002 12 26
2003 1 23
2003 2 13
2003 3 13
2003 4 10
2003 5 8
2003 5 22
2003 6 26
2003 7 10
2003 8 14
2003 8 28
2003 9 11
2003 9 25
2003 10 23
2003 11 13
2003 12 11
2003 12 25
2004 1 8
2004 1 22
2004 2 26
2004 3 11
2004 3 25
2004 4 8
2004 4 22
2004 5 13
2004 6 10
2004 7 8
2004 7 22
2004 8 26
2004 9 23
2004 10 14
2004 10 28
2004 11 11
2004 11 25
2004 12 23
2005 1 13
2005 2 10
2005 3 10
2005 4 14
2005 4 28
2005 5 26
2005 6 23
2005 7 14
2005 7 28
2005 8 11
2005 8 25
2005 9 8
2005 9 22
2005 10 13
2005 11 10
2005 12 8
2005 12 22
2006 1 26
2006 2 23
2006 3 23
2006 4 13
2006 5 11
2006 5 25
2006 6 8
2006 6 22
2006 7 13
2006 8 10
2006 9 14
2006 9 28
2006 10 26
2006 11 23
2006 12 14
2006 12 28
2007 1 11
2007 1 25
2007 2 8
2007 2 22
2007 3 8
2007 3 22
2007 4 26
2007 5 10
2007 6 14
2007 6 28
2007 7 26
2007 8 23
2007 9 13
2007 10 11
2007 10 25
2007 11 8
2007 11 22
2007 12 13
2008 1 10
2008 2 14
2008 2 28
2008 3 13
2008 4 10
2008 5 8
2008 5 22
2008 6 26
2008 7 10
2008 8 14
2008 8 28
2008 9 11
2008 9 25
2008 10 23
2008 11 13
2008 12 11
2008 12 25
2009 1 8
2009 1 22
2009 2 26
2009 3 26
2009 4 23
2009 5 14
2009 5 28
2009 6 11
2009 6 25
2009 7 23
2009 8 13
2009 9 10
2009 10 8
2009 10 22
2009 11 26
2009 12 10
2010 1 14
2010 1 28
2010 2 11
2010 2 25
2010 3 11
2010 3 25
2010 4 8
2010 4 22
2010 5 13
2010 6 10
2010 7 8
2010 7 22
2010 8 26
2010 9 23
2010 10 14
2010 10 28
2010 11 11
2010 11 25
2010 12 23
2011 1 13
2011 2 10
2011 3 10
2011 4 14
2011 4 28
2011 5 26
2011 6 23
2011 7 14
2011 7 28
2011 8 11
2011 8 25
2011 9 8
2011 9 22
2011 10 13
2011 11 10
2011 12 8
2011 12 22
2012 1 26
2012 2 23
2012 3 8
2012 3 22
2012 4 26
2012 5 10
2012 6 14
2012 6 28
2012 7 26
2012 8 23
2012 9 13
2012 10 11
2012 10 25
2012 11 8
2012 11 22
2012 12 13
2013 1 10
2013 2 14
2013 2 28
2013 3 14
2013 3 28
2013 4 11
2013 4 25
2013 5 23
2013 6 13
2013 7 11
2013 7 25
2013 8 8
2013 8 22
2013 9 26
2013 10 10
2013 11 14
2013 11 28
2013 12 26
2014 1 23
2014 2 13
2014 3 13
2014 4 10
2014 5 8
2014 5 22
2014 6 26
2014 7 10
2014 8 14
2014 8 28
2014 9 11
2014 9 25
2014 10 23
2014 11 13
2014 12 11
2014 12 25
2015 1 8
2015 1 22
2015 2 26
2015 3 26
2015 4 23
2015 5 14
2015 5 28
2015 6 11
2015 6 25
2015 7 23
2015 8 13
2015 9 10
2015 10 8
2015 10 22
2015 11 26
2015 12 10
2016 1 14
2016 1 28
2016 2 11
2016 2 25
2016 3 10
2016 4 14
2016 4 28
2016 5 26
2016 6 23
2016 7 14
2016 7 28
2016 8 11
2016 8 25
2016 9 8
2016 9 22
2016 10 13
2016 11 10
2016 12 8
2016 12 22
2017 1 26
2017 2 23
2017 3 23
2017 4 13
2017 5 11
2017 5 25
2017 6 8
2017 6 22
2017 7 13
2017 8 10
2017 9 14
2017 9 28
2017 10 26
2017 11 23
2017 12 14
2017 12 28
2018 1 11
2018 1 25
2018 2 8
2018 2 22
2018 3 8
2018 3 22
2018 4 26
2018 5 10
2018 6 14
2018 6 28
2018 7 26
2018 8 23
2018 9 13
2018 10 11
2018 10 25
2018 11 8
2018 11 22
2018 12 13
2019 1 10
2019 2 14
2019 2 28
2019 3 14
2019 3 28
2019 4 11
2019 4 25
2019 5 23
2019 6 13
2019 7 11
2019 7 25
2019 8 8
2019 8 22
2019 9 26
2019 10 10
2019 11 14
2019 11 28
2019 12 26
2020 1 23
2020 2 13
2020 3 26
2020 4 23
2020 5 14
2020 5 28
2020 6 11
2020 6 25
2020 7 23
2020 8 13
2020 9 10
2020 10 8
2020 10 22
2020 11 26
2020 12 10
2021 1 14
2021 1 28
2021 2 11
2021 2 25
2021 3 11
2021 3 25
2021 4 8
2021 4 22
2021 5 13
2021 6 10
2021 7 8
2021 7 22
2021 8 26
2021 9 23
2021 10 14
2021 10 28
2021 11 11
2021 11 25
2021 12 23
2022 1 13
2022 2 10
2022 3 10
2022 4 14
2022 4 28
2022 5 26
2022 6 23
2022 7 14
2022 7 28
2022 8 11
2022 8 25
2022 9 8
2022 9 22
2022 10 13
2022 11 10
2022 12 8
2022 12 22
2023 1 26
2023 2 23
2023 3 23
2023 4 13
2023 5 11
2023 5 25
2023 6 8
2023 6 22
2023 7 13
2023 8 10
2023 9 14
2023 9 28
2023 10 26
2023 11 23
2023 12 14
2023 12 28
2024 1 11
2024 1 25
2024 2 8
2024 2 22
2024 3 14
2024 3 28
2024 4 11
2024 4 25
2024 5 23
2024 6 13
2024 7 11
2024 7 25
2024 8 8
2024 8 22
2024 9 26
2024 10 10
2024 11 14
2024 11 28
2024 12 26
2025 1 23
2025 2 13
2025 3 13
2025 4 10
2025 5 8
2025 5 22
2025 6 26
2025 7 10
2025 8 14
2025 8 28
2025 9 11
2025 9 25
2025 10 23
2025 11 13
2025 12 11
2025 12 25
2026 1 8
2026 1 22
2026 2 26
2026 3 26
2026 4 23
2026 5 14
2026 5 28
2026 6 11
2026 6 25
2026 7 23
2026 8 13
2026 9 10
2026 10 8
2026 10 22
2026 11 26
2026 12 10
2027 1 14
2027 1 28
2027 2 11
2027 2 25
2027 3 11
2027 3 25
2027 4 8
2027 4 22
2027 5 13
2027 6 10
2027 7 8
2027 7 22
2027 8 26
2027 9 23
2027 10 14
2027 10 28
2027 11 11
2027 11 25
2027 12 23
2028 1 13
2028 2 10
2028 3 23
2028 4 13
2028 5 11
2028 5 25
2028 6 8
2028 6 22
2028 7 13
2028 8 10
2028 9 14
2028 9 28
2028 10 26
2028 11 23
2028 12 14
2028 12 28
2029 1 11
2029 1 25
2029 2 8
2029 2 22
2029 3 8
2029 3 22
2029 4 26
2029 5 10
2029 6 14
2029 6 28
2029 7 26
2029 8 23
2029 9 13
2029 10 11
2029 10 25
2029 11 8
2029 11 22
2029 12 13
2030 1 10
2030 2 14
2030 2 28
2030 3 14
2030 3 28
2030 4 11
2030 4 25
2030 5 23
2030 6 13
2030 7 11
2030 7 25
2030 8 8
2030 8 22
2030 9 26
2030 10 10
2030 11 14
2030 11 28
2030 12 26
2031 1 23
2031 2 13
2031 3 13
2031 4 10
2031 5 8
2031 5 22
2031 6 26
2031 7 10
2031 8 14
2031 8 28
2031 9 11
2031 9 25
2031 10 23
2031 11 13
2031 12 11
2031 12 25
2032 1 8
2032 1 22
2032 2 26
2032 3 11
2032 3 25
2032 4 8
2032 4 22
2032 5 13
2032 6 10
2032 7 8
2032 7 22
2032 8 26
2032 9 23
2032 10 14
2032 10 28
2032 11 11
2032 11 25
2032 12 23
2033 1 13
2033 2 10
2033 3 10
2033 4 14
2033 4 28
2033 5 26
2033 6 23
2033 7 14
2033 7 28
2033 8 11
2033 8 25
2033 9 8
2033 9 22
2033 10 13
2033 11 10
2033 12 8
2033 12 22
2034 1 26
2034 2 23
2034 3 23
2034 4 13
2034 5 11
2034 5 25
2034 6 8
2034 6 22
2034 7 13
2034 8 10
2034 9 14
2034 9 28
2034 10 26
2034 11 23
2034 12 14
2034 12 28
2035 1 11
2035 1 25
2035 2 8
2035 2 22
2035 3 8
2035 3 22
2035 4 26
2035 5 10
2035 6 14
2035 6 28
2035 7 26
2035 8 23
2035 9 13
2035 10 11
2035 10 25
2035 11 8
2035 11 22
2035 12 13
2036 1 10
2036 2 14
2036 2 28
2036 3 13
2036 4 10
2036 5 8
2036 5 22
2036 6 26
2036 7 10
2036 8 14
2036 8 28
2036 9 11
2036 9 25
2036 10 23
2036 11 13
2036 12 11
2036 12 25
2037 1 8
2037 1 22
2037 2 26
2037 3 26
2037 4 23
2037 5 14
2037 5 28
2037 6 11
2037 6 25
2037 7 23
2037 8 13
2037 9 10
2037 10 8
2037 10 22
2037 11 26
2037 12 10
